Mean orbital elements referred to the local Laplace planes

Epoch 2000 Jan. 1.50 TT
Sat.    a   e   w   M   i   node    n   P   Pw  Pnode   R.A.    Dec.    Tilt    Ref.
(km)        (deg)   (deg)   (deg)   (deg)   (deg/day)   (days)  (yr)    (yr)    (deg)   (deg)   (deg)   
Mimas   185539. 0.0196  332.499 14.848  1.574   173.027 381.9944948 0.942   0.493   0.986   40.589  83.536  0.002   32
Enceladus   238042. 0.0000  0.076   199.686 0.003   342.507 262.7318978 1.370   1.184   2.360   40.586  83.536  0.002   32
Tethys  294672. 0.0001  45.202  243.367 1.091   259.842 190.6979109 1.888   2.490   4.982   40.578  83.537  0.001   32
Dione   377415. 0.0022  284.315 322.232 0.028   290.415 131.5349307 2.737   5.852   11.709  40.544  83.540  0.005   32
Rhea    527068. 0.0002  241.619 179.781 0.333   351.042 79.6900459  4.518   17.939  35.832  40.328  83.559  0.036   32
Titan   1221865.    0.0288  180.532 163.310 0.306   28.060  22.5769756  15.95   352.12  704.60  36.214  83.949  0.629   32
Hyperion    1500933.    0.0232  303.178 86.342  0.615   263.847 16.9199503  21.28   127.99  154.66  36.372  83.862  0.564   32
Iapetus 3560854.    0.0293  271.606 201.789 8.298   81.105  4.5379416   79.33   1676.69 3438.73 284.715 78.749  15.210  32
Phoebe  12947918.   0.1634  342.500 53.038  175.243 241.086 0.6569114   548.02  460.92  723.17  275.954 67.455  26.723  32
Janus   151450. 0.0098  16.012  17.342  0.165   154.175 518.3431513 0.695   0.240   0.482   40.585  83.538  0.000   33
Epimetheus  151450. 0.0161  88.975  80.377  0.353   192.762 518.0979676 0.695   0.240   0.482   40.585  83.538  0.000   33
Helene  377444. 0.0000  33.134  43.186  0.213   163.112 131.5349306 2.737   2.562   11.706  40.544  83.540  0.005   32
Telesto 294720. 0.0002  119.135 260.157 1.180   229.182 190.6979089 1.888   2.489   4.982   40.578  83.537  0.001   32
Calypso 294721. 0.0005  17.470  156.660 1.500   314.226 190.6979089 1.888   2.487   4.983   40.578  83.537  0.001   32
Atlas   137774. 0.0011  210.851 283.282 0.003   236.422 598.3147505 0.602   0.171   0.344   40.585  83.538  0.000   33
Prometheus  139429. 0.0022  37.514  96.886  0.007   319.176 587.2860142 0.613   0.179   0.359   40.585  83.538  0.000   33
Pandora 141810. 0.0042  66.248  125.112 0.050   147.272 572.7878754 0.629   0.190   0.381   40.585  83.538  0.000   33
Pan 133585. 0.0000  103.331 351.187 0.000   52.076  626.0317341 0.575   0.154   0.309   40.583  83.538  0.000   33
Methone 194402. 0.0000  134.636 71.189  0.013   313.562 356.5949252 1.010   0.250   1.158   40.589  83.536  0.002   32
Pallene 212282. 0.0040  16.074  356.229 0.001   123.180 312.0270737 1.154   0.862   1.899   40.579  83.537  0.001   33
Polydeuces  377222. 0.0191  311.847 89.307  0.175   67.936  131.5349306 2.737   5.811   11.695  40.543  83.540  0.005   33
Daphnis 136504. 0.0000  266.931 113.790 0.003   132.867 605.9791512 0.594   0.166   0.334   40.583  83.538  0.000   33
Anthe   196888. 0.0011  138.902 190.473 0.015   287.852 347.3587167 1.036   0.617   1.232   40.583  83.537  0.000   33
Aegaeon 167425. 0.0002  152.905 322.771 0.001   317.202 445.4934177 0.808   0.343   0.688   40.584  83.537  0.001   33
Mean ecliptic orbital elements

Epoch 2000 Jan. 1.00 TT
Sat.    a   e   w   M   i   node    n   P   Pw  Pnode   Ref.
(km)        (deg)   (deg)   (deg)   (deg)   (deg/day)   (days)  (yr)    (yr)    
Ymir    23128000.   0.3338  21.352  228.673 173.497 192.937 0.2737369   1315.13 217.61  277.53  34
Paaliaq 15204000.   0.3325  237.522 321.654 46.228  330.022 0.5240567   686.95  576.14  535.71  34
Tarvos  18243000.   0.5382  274.104 265.783 33.725  102.504 0.3886226   926.35  194.18  272.97  34
Ijiraq  11408000.   0.2717  92.899  17.328  47.485  130.779 0.7974868   451.42  13807.37    935.12  34
Suttungr    19468000.   0.1139  34.281  321.133 175.815 227.259 0.3540952   1016.68 292.79  402.20  34
Kiviuq  11384000.   0.3325  90.205  172.018 46.764  353.584 0.8013951   449.22  19973.94    840.86  34
Mundilfari  18653000.   0.2097  309.694 92.821  167.439 82.856  0.3778328   952.80  312.23  417.31  34
Albiorix    16393000.   0.4797  55.932  32.828  34.060  102.512 0.4595027   783.46  249.88  358.14  34
Skathi  15635000.   0.2718  203.517 114.689 152.633 286.599 0.4944382   728.10  474.36  546.69  34
Erriapus    17602000.   0.4722  282.522 294.829 34.481  150.985 0.4132539   871.14  219.90  323.49  34
Siarnaq 18182000.   0.2802  65.929  201.288 45.809  47.826  0.4020067   895.51  457.40  454.20  34
Thrymr  20418000.   0.4659  125.404 30.075  177.659 285.762 0.3296678   1092.01 875.11  139002.09   34
Narvi   19349000.   0.4296  169.959 114.172 145.731 174.435 0.3585873   1003.94 341.38  347.42  34
Aegir   20751000.   0.2524  242.651 26.017  166.668 179.064 0.3220526   1117.83 273.91  350.18  34
Bebhionn    17116000.   0.4682  358.141 168.045 35.101  199.128 0.4312114   834.86  236.57  342.06  34
Bergelmir   19336000.   0.1420  133.400 306.494 158.557 202.164 0.3579396   1005.76 359.70  424.95  34
Bestla  20209000.   0.5145  81.185  239.156 145.136 288.308 0.3308757   1088.02 284.99  299.08  34
Farbauti    20390000.   0.2414  342.995 282.813 156.520 135.109 0.3312924   1086.65 330.77  374.34  34
Fenrir  22454000.   0.1347  120.982 131.678 164.963 226.595 0.2856343   1260.35 276.77  332.99  34
Fornjot 25146000.   0.2077  324.787 214.499 170.372 259.946 0.2409497   1494.09 223.68  267.44  34
Hati    19868000.   0.3710  21.286  163.640 165.808 324.380 0.3460954   1040.18 262.48  339.97  34
Hyrrokkin   18440000.   0.3359  273.076 291.841 151.536 45.402  0.3863203   931.87  375.76  406.45  34
Kari    22093000.   0.4756  163.935 286.021 156.067 281.211 0.2924012   1231.18 228.81  270.06  34
Loge    23059000.   0.1862  32.821  337.237 167.689 343.811 0.2745228   1311.37 251.72  307.35  34
Skoll   17668000.   0.4636  193.115 44.965  161.010 296.623 0.4099120   878.24  286.68  369.06  34
Surtur  22941000.   0.4459  303.662 136.191 169.688 236.537 0.2775384   1297.12 202.95  259.66  34
Jarnsaxa    19354000.   0.2178  237.422 198.750 163.649 22.519  0.3575194   1006.94 312.48  396.92  34
Greip   18457000.   0.3146  152.160 314.541 174.800 349.350 0.3841491   937.14  280.23  385.90  34
Tarqeq  17962000.   0.1675  34.767  161.020 46.291  83.291  0.4067094   885.15  896.54  593.15  34
S/2004 S 7  21000000.   0.5290  84.036  79.762  165.693 341.236 0.3157314   1140.21 211.18  273.22  34
S/2004 S 12 19886000.   0.3268  87.128  1.599   165.261 307.942 0.3441326   1046.11 273.22  351.49  34
S/2004 S 13 18406000.   0.2591  346.186 41.077  168.798 205.701 0.3856043   933.60  302.01  409.39  34
S/2004 S 17 19448000.   0.1795  180.792 228.545 168.239 26.664  0.3548169   1014.61 300.99  397.14  34
S/2006 S 1  18780000.   0.1412  154.950 96.596  156.180 336.641 0.3741294   962.23  405.14  453.57  34
S/2006 S 3  22428000.   0.3792  188.728 167.147 158.631 206.993 0.2868177   1255.15 245.54  287.39  34
S/2007 S 2  16718000.   0.1791  57.720  84.066  174.057 111.277 0.4454603   808.15  342.95  496.45  34
S/2007 S 3  18938000.   0.1853  111.854 292.691 177.595 276.824 0.3681825   977.78  1079.63 161352.07   34
