  1242   11.47  3.  : 3.01 186.7 3.3 191.9 17. : 12.8 70  6 69   .28       n     4.8   1991.0   0.35 : .08 133  45  96
  1674    8.62   .37   .84  31.4 1.0  31.5  1.5   6.1 49 11 47  1.19  .95  n   161.    1941.    1.0    .89  88 202  87
  2552   10.57  3.25  2.06  97.0 2.0  98.7  3.4  10.5 23  7 21   .41  .34) n    15.4   1989.    0.45   .00  27   0  24
  5300    5.54  1.35   .19  16.3 0.9  16.5  0.6   1.6 26 14 22  4.22  .78       29.    1979.    0.25   .46  66 329 143
  6486    7.11   .21   .53  17.2 0.8  17.3  0.7   3.3 23 13 18  2.24  .96  n   222.    1984.8   0.83   .93  99 130 137
  6564    6.55   .46   .47  22.9 1.0  22.3  1.0   3.3 13 13  3  2.62  .91  n    16.110 1988.84  0.199  .93 117 348  29
  7918    5.09 >6.     .67  78.9 0.9  79.1  0.8   4.6 17  3 17  1.06  .29  n    19.5   1997.1   0.58   .43 105  22  33
 10403    6.61   .65   .49  24.8 0.8  24.1  1.0   3.5 11 11  2  2.39  .89      144.    1898.    0.896  .27  63 319  99
 10535    6.41   .08   .59  20.0 0.9  20.8  0.9   3.0 14 13  4  2.70 1.00  n    23.7   1986.22  0.234  .68 104  84 236
 10542    8.52   .75  1.11  45.6 1.2  45.0  1.7   6.8 48 10 47  1.59  .91  n   225.    1803.    2.0    .14  41  19 170
 11569    4.68  4.03   .17  23.6 0.8  23.0  0.8   1.5 30 10 28 10.21       m?   52.    1980.    0.7    .30 106 156 175
 12717    6.93   .37   .65  17.9 0.5  18.4  0.6   3.2 39  9 38  3.14  .99  n    36.    1999.    0.29   .85  94  15  36
 14879    4.05  3.04   .63  70.4 0.9  70.9  0.7   3.3 32  3 31  2.47  .63  n   269.    1947.    4.0    .73  81  43 117
 14913    6.55   .71   .51  23.0 0.7  22.8  0.8   3.4 18 10 15  2.88  .87  n    45.2   1977.5   0.41   .90 165 118 110
 15799    7.07  4.14   .88  57.8 0.7  58.5  1.0   5.9 57  4 57  2.25  .71  n   111.    1982.    1.8    .20  32 348  49
 16602    7.12   .24   .60  14.7 1.0  13.9  0.9   2.9 22 19 11  2.82 1.00  n    14.    1990.14  0.120  .35  45 235 236
 16628    6.69   .95   .55  23.8 0.8  23.5  0.8   3.6 21 10 18  2.45  .85       19.2   1997.    0.23   .36  87   8 141
 17954    5.73   .80   .26  17.2 0.9  17.0  0.8   1.9 22 15 16  3.87  .86       62.    2000.    0.42   .62  84 353  25
 19758    7.18  1.28   .64  22.2 0.6  22.3  0.6   3.9 58  9 57  4.46  .83  n    18.2   1987.1   0.25   .79  57 252  84
 19758  b 7.18  1.29        22.2 0.6              3.9 12  8  9  1.74  .82       36.1   1975.9   0.29   .00  58 180 132
 20215    7.27  1.31   .61  23.3 1.2  23.3  1.1   4.1 15 15  5  2.01  .82  n    89.7   1987.    0.59   .60  53 134  62
 20347    6.80   .25   .43  18.8 1.1  18.4  1.2   3.1 22 18 13  2.83  .95  n    80.    1924.    0.49   .61  36 106 359
 20661    7.23   .15   .58  22.1 1.1  21.5  1.0   3.9 18 14 11  2.84  .97  n     6.28  1988.70  0.105  .73 122 271 215
 20686    8.06   .85   .74  24.1 1.1  23.1  1.2   4.9 16 15  5  1.77  .86  n    27.4   1996.    0.259  .04  97 235  23
 20885    4.06  3.04  1.02  21.3 1.0  20.7  0.9    .7 14 13  4  4.29       g    16.26  1998.5   0.219  .57  92 250 355
 20916    7.15   .70   .59  24.5 1.6  20.6  1.7   3.9 24 23  8  3.09  .90  n    40.7   1960.    0.39   .33  92 311  78
 21280    8.93  1.29   .86  26.0 1.5  24.0  1.7   5.9 29 19 22  4.94       m?   13.    1989.9   0.23   .66  70  88  80
 21281    3.61   .94  -.08  18.2 0.6  18.6  0.5   -.1 35  8 34  6.03  .78       12.1   1986.    0.18   .80  31 193 140
 21594    4.11  2.76  1.09  30.9 0.9  29.8  0.6   1.5 16  8 14  2.49       g    77.    1975.    0.75   .55  67  24 171
 21698    9.38   .97   .95  22.7 1.0  22.3  1.1   6.1 25 14 21  1.96  .88       32.    1999.    0.29   .11  77 308  80
 22505    8.24   .95   .79  20.0 1.0  23.6  1.0   4.7 21 15 15  1.97  .90  n     7.5   1994.3   0.096  .00  71   0 132
 22607    6.52  2.00   .58  22.9 1.0  23.9  1.0   3.4 14 13  5  3.11       m    95.2   1982.0   0.71   .59  48 310 143
 23166    6.00  1.52   .52  22.6 0.9  23.2  0.8   2.8 16 11 11  2.33  .78       55.    1979.    0.44   .88 118   0 141
 23395    7.06  1.97   .58  25.1 1.0  25.3  1.8   4.1 19 14 14  1.85  .73  n    25.1   1975.    0.26   .29  19 190  15
 23452    8.53  2.14  1.81 119.9 1.7 117.4  1.8   8.9 99  4 99  1.84  .58  n    44.    1996.    1.8    .89  76  94  63
 25119    7.98  2.79   .96  50.3 1.4  50.2  1.5   6.5 27  9 25  1.24  .68       93.    1950.    1.1    .13 114 153 164
 26926    6.56   .60   .52  21.3 0.9  19.9  0.8   3.1 35 13 32  2.43  .90       20.3   1999.    0.21   .40  72 273  95
 28442    9.07   .96  1.23  55.4 1.8  66.8 24. :  7.8 29 10 27   .93  .88  n    68.    1998.    0.9    .45 103 279 125
 28614    4.34  1.93   .19  20.8 0.9  21.5  0.8   1.0 14 13  7  6.18       m    18.5   1985.1   0.27   .75  96 217  25
 28734    4.88   .45   .88  21.4 1.2  21.6  1.1   1.5 17 16  4  5.16       m    13.2   1995.4   0.208  .34  62 190 178
 29234    6.55   .02   .52  18.3 0.8  18.5  0.7   2.9 13 12  3  4.30       m?   18.2   1997.8   0.207  .33  46 299 265
 30920   11.00  2.68  3.04 244.4 2.4 242.9  2.6  12.9 23  3 23   .31  .42) n    16.5   1983.5   1.1    .38  54 229  30
 30953    9.17   .05   .43  19.3 0.6  19.3  0.7   5.6 23 10 21  1.86  .99  n   101.    1905.    0.51   .23  33  17 112
 31509    6.76  1.27   .56  25.7 0.7  24.8  0.6   3.8 23  7 22  2.03  .82       28.9   1993.1   0.30   .47 100 286 156
 33142   11.21  1.44  2.45  97.4 2.0  94.0  2.2  11.1 68  7 68   .46  .65  n    12.    1996.    0.4    .30 109  73 101
 33449    4.89   .91   .85  20.0 0.8  19.1  0.8   1.3 50 12 48  3.65       g   190.    1993.    1.0    .66  79 100  42
 34860    7.28   .08   .57  23.0 0.9  22.7  2.0   4.1 26 13 23  2.93  .99      119.    1920.7   0.8    .93 141 244  19
 38382    5.68   .88   .67  61.1 0.9  60.0  1.0   4.6 11  5 10  1.82  .87  n    23.3   1985.8   0.60   .75  80  72 102
 38474    6.21  1.04   .48  24.3 1.0  24.5  1.0   3.1 14 12  6  2.42  .82  n    32.    1989.3   0.33   .66  77 122 185
 40239    9.95   .58  1.72  53.0 2.2  46.2  4.1   8.6 15 12  9  1.14  .90  n    62.9   1998.7   0.87   .68  51 167 142
 41261    8.28   .64   .82  30.6 0.8  30.1  0.8   5.7 24  8 23  1.27  .90       25.8   1975.2   0.29   .25  36 231 130
 41426    6.97   .89   .49  18.5 0.6  18.5  0.5   3.3 18  9 15  2.92  .85       14.6   1997.    0.16   .32  62 177 103
 41820    7.62  1.62   .78  34.7 1.0  34.8  1.4   5.3 25 10 23  1.72  .78       31.3   1984.    0.41   .71 120 243 143
 42075    7.12   .38   .86  16.0 0.7  15.9  0.7   3.1 44 13 42  1.80       g?   17.3   1996.    0.13   .59  19 230  79
 42455    6.52  1.22   .49  24.7 0.7  24.9  0.6   3.5 34  7 33  1.78  .82       67.    1992.    0.50   .80 105 355  58
 43109    3.96   .84   .78  24.3 1.0  24.1  1.3    .9 15 14  4  5.28       g    15.07  1991.26  0.257  .65  50 265 108
 43671    5.73  1.05   .31  13.2 0.6  12.5  0.5   1.3 24 13 20  6.09 1.50  m     7.25  1993.4   0.09   .28  15 220   0
 45571    6.06   .39   .48  28.8 0.5  29.8  0.6   3.4 25  6 24  3.49  .93  n     3.07  1992.8   0.09   .50 141 102 125
 46404    5.74  1.51   .73  29.1 1.1  32.0  1.0   3.2 12 10  6  2.54       g?   32.    1975.1   0.422  .31  85 150 151
 46454    6.01   .65   .67  27.5 1.1  29.1  1.3   3.3 13 13  3  1.92       g?  117.6   1959.4   0.84   .56  64 302 326
 46706   10.73   .19  2.39  96.9 3.4  95.0  4.3  10.6 21 12 17   .85  .94       18.4   1983.9   0.63   .29 143 285  48
 51233    4.64  1.32   .89  21.9 0.8  22.3  0.9   1.4 71 12 70  2.63       g    39.    1998.    0.3    .69  79  24  42
 51885    6.73  1.10   .55  22.4 1.0  22.7  1.1   3.5 20 14 14  2.25  .83      159.    1949.    0.87   .75 128  40 147
 51986    4.14  1.62   .35  36.6 0.8  37.7  0.5   2.0 23  5 23  2.76       m    16.6   1986.5   0.3    .73 131 295  41
 53423    6.07  3.05   .49  23.5 0.9  22.9  1.1   2.9 48 13 46  1.96  .61  n   134.    1919.    0.8    .67 121 143  42
 54155   10.99   .00   .81  40.9 1.1  40.6  1.4   9.0 21  9 19  1.20 1.00  n    23.3   1995.    0.35   .08  65 105  70
 54204    5.73   .06   .43  22.3 0.7  23.0  0.7   2.5 14 10 10  4.00  .99        7.6   1991.1   0.139  .35  92 166  45
 55266    5.40   .33   .11  18.4 0.9  17.8  0.8   1.7 15 13  7  5.21       m     5.09  1992.6   0.093  .12  57  68 121
 55425    4.08  1.49  -.16   9.1 0.6  10.2  0.5  -1.0 27 18 21  9.25  .54  n    39.    1973.    0.23   .84  38 202 113
 55642    4.11  2.75   .47  42.6 1.3  41.3  1.2   2.2 10  9  6  2.73  .63      186.    1948.8   1.91   .53 128 325 235
 57994    7.24  1.05   .65  17.4 0.6  17.5  0.7   3.5 14 11  9  2.27  .84       76.7   1987.3   0.41   .50  39 247  22
 58799    7.13   .54   .57  22.1 0.9  21.4  1.0   3.8 15 13  7  2.37  .91      110.    1913.    0.66   .57 159 123  49
 59780   10.17  1.11  1.63  47.0 2.1  49.6  3.1   8.6 33 16 29  1.04  .80       63.    1984.    0.8    .21  54 239 109
 59816   10.11   .48  1.35  30.3 2.2  38.7  3.7   7.5 23 22  7  1.25  .94  n  1100.    1973.67  3.5    .89  26 275   2
 60994    6.54  3.04   .68  39.6 0.9  40.0  1.0   4.5 15  7 13  1.75  .63      151.    1944.    1.4    .71  24  75  94
 61932    2.84   .10  -.01  25.0 0.7  25.0  1.0   -.2 11 10  5  5.82  .99       83.    1931.2   0.86   .79 114 186   2
 66438    6.30   .40   .57  28.7 0.8  28.2  1.2   3.6 25 10 23  3.09  .93       35.0   1967.5   0.45   .78 117  94  71
 66458    5.02  2.03   .31  15.4 0.9  17.0  0.7   1.1 21 14 15  4.84       g   228.    1864.    1.02   .80 147 159  87
 66640    6.35   .12   .41  18.0 0.9  18.7  0.9   2.7 15 15  2  2.51  .98       22.3   1997.1   0.198  .55  44 355  37
 70327    7.43   .66   .07  15.4 0.9  15.2  0.9   3.4 20 18  8  2.45  .88  n    40.0   1998.    0.24   .25  42 141  46
 70973    8.43   .32   .82  25.9 1.1  26.0  1.0   5.5 18 12 13  1.61  .95  n    20.6   1994.2   0.23   .54  52 163 177
 71914    9.78   .23  1.48  47.1 1.8  44.5  2.6   8.1 15 14  3  1.03  .97       51.7   1982.    0.64   .09 120 204 178
 72217    7.30   .00   .61  23.7 0.9  23.6  1.1   4.2 13 13  4  2.82 1.00       25.8   1993.    0.292  .03  58  67 137
 72479    9.30   .02   .91  22.4 1.4  24.2  1.3   6.1 20 17 10  1.44 1.00  n     9.97  1988.2   0.122  .51  40 338 143
 73182    8.38  1.77  2.22 169.7 1.0 133.6 34. :  9.5 13  2 13   .83  .71  n      .847 1991.45  0.14   .76 109 308  14
 74893    7.42   .05   .64  26.1 0.9  26.1  1.3   4.5 13 12  3  2.53  .99      200.    1941.4   1.22   .65  58  52  62
 76466    9.49   .23   .83  18.6 0.8  18.8  0.9   5.8 22 14 17  1.34  .96       88.    1985.    0.41   .63 121 232 130
 76852    5.21   .14   .07  17.3 0.8  17.0  0.8   1.4 14 14  3  3.79  .97  n    21.9   1984.8   0.209  .07  83  72  70
 76952    4.05  1.56   .04  23.1 0.7  22.5  0.7    .8 13  9 10  4.23  .70  n    92.7   1931.    0.75   .51  94 103 111
 78662    5.36   .26   .30  22.8 0.9  23.3  1.0   2.2 15 12  9  3.87  .95  n    26.9   1991.0   0.32   .52 159  33 114
 78727    5.05   .02   .53  37.0 1.2              2.9 10 10  1  2.75 1.00  n    45.68  1997.0   0.663  .75  33 343 206
 83838    6.15   .18   .35  18.0 0.7  18.6  0.6   2.5 14 11  8  3.32  .97  n     8.11  1991.70  0.110  .55 120  55 130
 84012    2.97   .50   .06  40.3 0.9  38.8  0.9   1.0 69  7 68  4.81  .90  n    88.0   1936.8   1.3    .94  95 275  39
 84123   12.13   .02  2.60  87.4 5.2  92.6  5.1  11.9 22 17 13   .57  .99  n    34.    1989.    0.78   .19  14 284  98
 84425    6.30  1.57   .64  31.9 0.8  32.6  1.7   3.8 16 10 13  1.24       n    23.3   1986.5   0.28   .50 123 349   4
 84949    6.22   .78   .73  15.7 0.6  15.5  1.2   2.2 15 14  6  4.20       m     5.525 1991.94  0.079  .69  55  47 318
 85141    8.44   .65   .69  15.4 1.1  15.5  1.2   4.4 24 22  9  3.77       m?   15.0   1990.6   0.146  .57  22   1  82
 85582    9.66   .40  1.24  41.1 2.3  42.4  3.8   7.7 21 19  7  1.08  .95       59.    1972.    0.65   .19  81  64  66
 85846    8.70   .29   .65  16.2 0.7  16.8  0.7   4.8 20 13 15  1.71  .96       23.3   1992.    0.16   .26  70 205 157
 86221    9.80   .61  1.26  31.6 1.8  32.1  2.3   7.3 20 19  6  1.30  .93  n    24.0   1985.3   0.29   .21 165 190 140
 87204    8.01   .05   .59  17.5 0.7  18.8  0.6   4.3 12 11  6  2.22  .99  n    20.8   1988.77  0.179  .62 110  81 135
 88404    5.32   .67   .45  19.9 1.2  19.2  1.0   1.8 40 16 37  5.28       g?  257.    1829.    1.4    .77  52  42  60
 88637    7.64   .79   .72  27.1 1.2  26.5  1.4   4.8 15 14  2  2.19       m    19.94  1998.3   0.256  .96  77 359 271
 88745    5.19  3.71   .60  64.6 0.7  63.9  0.6   4.2 19  3 19  1.25  .58       56.4   1998.    1.0    .75  34 301 216
 88932    9.57   .32  1.04  31.9 1.3  29.6  1.4   7.0 44 13 42  1.50  .96  n     9.4   1988.    0.16   .52  55  60  69
 88964    6.07  1.33   .42  19.0 0.8  19.6  1.2   2.5 19 16 11  2.70  .79      294.    1912.8   1.19   .61 103 307  71
 91394    7.14   .48   .64  19.3 1.2  20.0  0.9   3.6 17 16  4  2.85  .93  n    12.13  1995.0   0.147  .25 124 258 173
 91395    8.29   .69   .70  18.8 0.6  19.1  0.6   4.7 26 10 24  2.19  .90  n   135.    1868.    0.65   .60  88 353 129
 92122    8.67   .72   .87  26.8 0.8  27.0  0.9   5.8 26 10 24  2.69  .90       14.5   1995.7   0.22   .56 131 285  75
 93574    6.56   .40   .57  18.8 0.7  17.7  0.8   2.9 17 12 12  3.23  .99       14.1   1990.1   0.16   .34 152 227 135
 94252    8.98   .38   .80  19.4 1.0  20.5  1.3   5.5 18 17  6  2.28  .94  n    63.0   1957.    0.42   .46 110 190  93
 94739   10.16   .07  1.89  64.3 1.9  63.4  2.2   9.2 31  9 30  1.18  .99  n     7.70  1995.3   0.26   .32 117  69  20
 96907    6.49  1.66   .20  11.9 0.6  12.0  0.6   1.9 33 15 30  3.66  .73  n    79.    1981.    0.34   .38 106  12 338
 97237   12.88   .67  2.93  88.8 7.1             12.6 33 24 23   .61  .78  n   228.   :1961.    2.8  : .50  78 179  67
 98001    8.01   .75   .83  21.9 0.6  22.3  0.8   4.7 12 10  7  2.73       m    25.7   1988.2   0.27   .50  34 236  43
 99376    8.05   .54   .73  20.2 0.7  19.5  0.8   4.5 13 11  7  1.71  .93       85.3   1970.1   0.46   .48 115 339 142
101750    7.70  2.72   .87  37.0 0.6  36.2  1.0   5.5 61  5 60  1.92       m    32.    1998.    0.5    .58  27 226 202
101955    8.23  1.45  1.44  59.8 2.1  53.8  2.2   7.0 16 11 11  2.26       m    39.    1967.    0.85   .10  85 143 128
101958    3.86  2.55  -.01  13.0 0.8  13.6  0.7   -.5 18 17  6  5.81  .60  n    17.0   1983.8   0.158  .47 160  99 129
102782   10.07   .20  1.14  23.1 2.3  29.2  3.3   7.2 39 32 22  1.53  .98  n   159.    1958.    0.88   .26 123 296  31
103655   10.34  2.06  2.22  66.0 1.8  66.2  2.5   9.4 24 10 22  1.38       m    29.    1979.    0.70   .55  54 207  67
104019    5.02  2.30   .18  20.2 1.1  20.6  1.5   1.6 26 19 18  2.87  .65       28.    1974.5   0.27   .39 160  39 150
104788    7.15   .24   .69  23.6 0.5  24.2  0.5   4.0 34  6 33  2.58  .98       79.    1921.    0.6    .82  82  37  62
105200    7.39  1.48   .67  19.1 1.0  19.8  1.2   3.8 18 17  7  3.07       m    79.    1987.0   0.52   .87  99 169 253
105431    7.39   .43   .61  21.2 0.9  21.5  0.8   4.0 15 12  9  2.56       m     6.03  1991.90  0.097  .86 135  23 288
106811    9.97  3.63  1.52  78.2 2.1  76.1  2.5   9.4 40  9 39  1.57       n    68.    1945.    1.5    .22 153 184  64
111062    5.82  1.55   .40  19.1 0.9  18.9  1.2   2.2 20 16 12  3.46  .76      125.    1911.    0.72   .50  89 214 116
111314    6.68   .36   .39  13.1 0.7  13.1  0.6   2.3 21 14 16  3.66  .94  n   224.    1973.    0.74   .30  79 185 262
111528    8.78   .70   .68  14.7 0.8  13.8  0.8   4.5 24 17 17  2.00  .90       22.3   1985.3   0.14   .37  60 145 111
111805    7.49   .46   .65  26.0 0.8  26.3  0.8   4.6 11  9  6  2.15       m    29.9   1979.8   0.33   .32  88  82 154
111965    6.77  1.03   .63  29.1 1.0  29.9  1.1   4.1 19 10 16   .61       n    28.    1982.7   0.23   .74  85 206 128
111965  b 6.77  1.03        29.1 0.9              4.1 11 10  6   .77            54.    1994.9   0.383  .00  87   0 130
112915    8.59   .85  1.01  39.8 1.0  41.2  1.4   6.6 31  9 30  1.86  .90  n   107.    1932.    1.1    .84 104  68  20
113048    6.04  1.78   .30  20.6 1.0  19.2  0.7   2.5 14 12  7  2.62       m   105.    1940.    0.60   .59  38  13  26
113996    6.12   .30   .36  17.2 1.0  17.3  1.0   2.3 18 17  3  3.41  .95  n    21.84  1983.04  0.203  .39  47  82 204
114222    4.66  2.32   .84  12.3 0.7  14.8  0.6    .1 20 17 10  9.95       m   168.    1934.    0.81   .61  30  98  81
116436    6.97  1.84   .63  26.0 1.0  26.0  1.1   4.0 23 12 19  2.08  .75       78.    1968.    0.60   .49  51 108  69
116849    7.81   .04   .55  15.4 0.9  14.4  0.8   3.7 18 17  5  2.28  .99  n    20.7   1989.3   0.148  .29  50 112 105
117570    8.38   .27   .80  23.4 1.6  24.5  2.4   5.3 26 23 12  3.01  .97  n   120.    1978.    0.83   .28 152 210  51
